[{"id": 0, "img_name": "000000", "width": 400, "height": 400, "position": [0.949047007415207, 0.05204561261251365, -2.671192365033197], "rotation": [[0.9702627266537566, -0.014742873477821598, -0.24160497701841263], [0.007479914808869419, 0.9994929457668624, -0.030950997717709313], [0.24193877563079902, 0.028223414415984645, 0.9698809142081842]], "fy": 961.0585123697916, "fx": 723.0827026367189}, {"id": 1, "img_name": "000001", "width": 400, "height": 400, "position": [1.406052041434816, -0.2212573151266993, -2.5047671240628993], "rotation": [[0.802255449379782, 0.42799300918937605, -0.41618286201994525], [-0.4393475968118259, 0.8952822817900226, 0.07377897146632913], [0.4041780419639767, 0.12365935192087568, 0.9062827825201176]], "fy": 961.058349609375, "fx": 723.0825805664062}, {"id": 2, "img_name": "000002", "width": 400, "height": 400, "position": [1.6509357924416685, -0.6803238770700433, -2.288398470890485], "rotation": [[0.42349436149982317, 0.7491759511944398, -0.5093013032256211], [-0.7608594693307493, 0.5992920346172855, 0.2488811340767352], [0.4916760251588054, 0.28210699552701807, 0.8238144829982617]], "fy": 961.05908203125, "fx": 723.0830688476562}, {"id": 3, "img_name": "000003", "width": 400, "height": 400, "position": [1.6131059805764723, -1.2066822491850056, -2.0773966392666465], "rotation": [[-0.06928995179147945, 0.8659441162733691, -0.49531779678895016], [-0.8737050483821839, 0.1869678439468592, 0.44909083865753135], [0.4814960619365638, 0.4638790989218517, 0.743624665775958]], "fy": 961.0581868489583, "fx": 723.0824584960936}, {"id": 4, "img_name": "000004", "width": 400, "height": 400, "position": [1.3008878923407423, -1.6515557635329199, -1.9334536125532726], "rotation": [[-0.5462872931632115, 0.7481358430703062, -0.37664696010918486], [-0.7487468866564845, -0.23462486096123494, 0.6199429751028747], [0.37543081950435103, 0.6206801993528336, 0.6883369659083712]], "fy": 961.0584309895834, "fx": 723.0825805664062}, {"id": 5, "img_name": "000005", "width": 400, "height": 400, "position": [1.6201977086774348, -1.792556083365006, -1.563238988475536], "rotation": [[-0.5951046267716775, 0.6311270714689723, -0.49752300583520703], [-0.7244323676941928, -0.1532691816176711, 0.6720910073516353], [0.3479198601803708, 0.7603862447669709, 0.5484199980902587]], "fy": 961.0584309895834, "fx": 723.0828247070311}, {"id": 6, "img_name": "000006", "width": 400, "height": 400, "position": [1.9320246552628262, -1.3699602470890093, -1.6969668431738256], "rotation": [[-0.28523604133694264, 0.7346833419341968, -0.6155329385169307], [-0.8534112538680225, 0.09764205906082213, 0.5120109981593391], [0.43626783724620344, 0.6713467216927466, 0.5991360027709162]], "fy": 961.0584309895834, "fx": 723.08251953125}, {"id": 7, "img_name": "000007", "width": 400, "height": 400, "position": [2.073211859193293, -0.8770137749354429, -1.8795547972178805], "rotation": [[0.060403422480644564, 0.740743409350176, -0.6690669565660914], [-0.8726902457886219, 0.3645560088681377, 0.3248239781204433], [0.4845236419636629, 0.5642677794623826, 0.6684599354243748]], "fy": 961.0585123697916, "fx": 723.08251953125}, {"id": 8, "img_name": "000008", "width": 400, "height": 400, "position": [2.020122501512106, -0.3720284677885487, -2.092090933562212], "rotation": [[0.39938773879513406, 0.6475388892167684, -0.6489858946848991], [-0.7781769082361536, 0.6137046130272024, 0.13344398907710608], [0.48469584119627357, 0.4517299965429311, 0.749005979464887]], "fy": 961.0584309895834, "fx": 723.0827026367189}, {"id": 9, "img_name": "000009", "width": 400, "height": 400, "position": [1.7809325495257189, 0.0697619288355259, -2.3018538405770714], "rotation": [[0.6859120995419065, 0.46662360061791874, -0.5583789398421307], [-0.5816594976839738, 0.8126622407403623, -0.03538799688287798], [0.43726061957704915, 0.349059459955691, 0.8288308922288155]], "fy": 961.058349609375, "fx": 723.0823974609375}, {"id": 10, "img_name": "000010", "width": 400, "height": 400, "position": [1.3901114677111022, 0.3975156624293585, -2.483273823453309], "rotation": [[0.8850516176463755, 0.2205749871605338, -0.40991503165193155], [-0.3079621916555232, 0.9377976798312126, -0.1602959958173947], [0.3490600621212837, 0.2681085838069246, 0.8979281394758988]], "fy": 961.0584309895834, "fx": 723.082763671875}, {"id": 11, "img_name": "000011", "width": 400, "height": 400, "position": [0.9208742741986427, 1.0604113463343976, -2.4395462508927483], "rotation": [[0.971018795678168, -0.05860776832564319, -0.2317059183222299], [-0.043489548891411045, 0.9099561669848075, -0.4124178744895957], [0.23501310910836043, 0.4105422892023031, 0.881035675711204]], "fy": 961.0582682291666, "fx": 723.0823364257812}, {"id": 12, "img_name": "000012", "width": 400, "height": 400, "position": [1.419529071995814, 0.9069685930181856, -2.318845632274772], "rotation": [[0.8979907529969255, 0.12880768556243874, -0.4207388527252445], [-0.29332462025411604, 0.8879782123925789, -0.3541968815526237], [0.32798362521383195, 0.44147859353971325, 0.8351786436843746]], "fy": 961.0581868489583, "fx": 723.0823364257812}, {"id": 13, "img_name": "000013", "width": 400, "height": 400, "position": [1.847900727105311, 0.6309001690849261, -2.1551490134924824], "rotation": [[0.754619290464794, 0.2998399740403164, -0.5836485983767978], [-0.5177243835294542, 0.8185518724085561, -0.248865859546635], [0.4031267518140555, 0.4899680883935898, 0.7729295394481932]], "fy": 961.0580240885416, "fx": 723.0822143554688}, {"id": 14, "img_name": "000014", "width": 400, "height": 400, "position": [2.1732754882112912, 0.25432598753445934, -1.961026547755685], "rotation": [[0.5523624982616453, 0.44114773002872615, -0.7073078292699005], [-0.6994106223809566, 0.7069223735257301, -0.10528798034161002], [0.4535641667355395, 0.5528557328283984, 0.6990208083292501]], "fy": 961.058349609375, "fx": 723.0824584960936}, {"id": 15, "img_name": "000015", "width": 400, "height": 400, "position": [2.3721846604716488, -0.19999685432279846, -1.7502219835057897], "rotation": [[0.3067990328753488, 0.5421410693918104, -0.7822770355054948], [-0.8241403124216055, 0.5624584014844112, 0.0665830226380198], [0.4760956785090914, 0.6242784569138436, 0.6193620780719029]], "fy": 961.0587565104166, "fx": 723.0827026367189}, {"id": 16, "img_name": "000016", "width": 400, "height": 400, "position": [2.4220387910532386, -0.6959421051519427, -1.5432453248827371], "rotation": [[0.03548629044309818, 0.596774524097792, -0.8016238811683963], [-0.8824023567577385, 0.3952708662103671, 0.2551999708352635], [0.4691554242697009, 0.6982987694074068, 0.5406219418227263]], "fy": 961.058349609375, "fx": 723.0826416015625}, {"id": 17, "img_name": "000017", "width": 400, "height": 400, "position": [2.322294911391967, -1.1883284452648795, -1.3578076262445649], "rotation": [[-0.23786764530102777, 0.599802592227644, -0.7639736934280937], [-0.8699717399427266, 0.218211805431327, 0.4421908001626667], [0.4319352600615363, 0.7698184122509839, 0.4699057868252096]], "fy": 961.0580240885416, "fx": 723.0823974609375}, {"id": 18, "img_name": "000018", "width": 400, "height": 400, "position": [2.0838480283656, -1.641350797919842, -1.202903703329447], "rotation": [[-0.4938632284060163, 0.5499113834463354, -0.6735700236435227], [-0.7876439027146747, 0.04527429689829785, 0.6144649944980232], [0.36839671150942055, 0.8339950162710751, 0.4107750448858705]], "fy": 961.0585937500001, "fx": 723.0828247070311}, {"id": 19, "img_name": "000019", "width": 400, "height": 400, "position": [2.1379924661511773, -1.8398625733038987, -0.6687887734254316], "rotation": [[-0.6232370340636524, 0.36087591956454856, -0.6937897910331534], [-0.7198983866332417, 0.08180529048334352, 0.6892417426704038], [0.3054864216033102, 0.929019088322408, 0.20880992123512473]], "fy": 961.0581868489583, "fx": 723.0823364257812}, {"id": 20, "img_name": "000020", "width": 400, "height": 400, "position": [2.43623421588048, -1.4214871810804024, -0.8053117376428147], "rotation": [[-0.4234887148596583, 0.4126358992934613, -0.8064669326972141], [-0.825911628018745, 0.1898913031370947, 0.5308589853653949], [0.37219254022480125, 0.8908832194159486, 0.26038399343932583]], "fy": 961.0585937500001, "fx": 723.082763671875}, {"id": 21, "img_name": "000021", "width": 400, "height": 400, "position": [2.6234716427718627, -0.9538482069298637, -0.9736701410833021], "rotation": [[-0.2002385251827543, 0.43584337996561584, -0.8774651589196399], [-0.8843218006327143, 0.30513495993125106, 0.3533660181952715], [0.42175753177087694, 0.8467190714216329, 0.32432603698026713]], "fy": 961.0585937500001, "fx": 723.0826416015625}, {"id": 22, "img_name": "000022", "width": 400, "height": 400, "position": [2.690634640516404, -0.4621850326684764, -1.1636934572133457], "rotation": [[0.03334255216306723, 0.4289526662667453, -0.9027114092795689], [-0.8914966998495649, 0.4210622191191218, 0.16715308651479335], [0.4517984302736864, 0.7991909190936604, 0.3964492031362597]], "fy": 961.05908203125, "fx": 723.0830078124999}, {"id": 23, "img_name": "000023", "width": 400, "height": 400, "position": [2.632005265507118, 0.027727579470723532, -1.3656743997833924], "rotation": [[0.26473254598349194, 0.39251893838795643, -0.8808209995415163], [-0.8471679605064032, 0.5310208499434989, -0.01798000030921732], [0.4606768119810295, 0.7509631845014128, 0.47310796760035545]], "fy": 961.0585123697916, "fx": 723.0828247070311}, {"id": 24, "img_name": "000024", "width": 400, "height": 400, "position": [2.448206722445617, 0.48200661035117476, -1.5748698869163622], "rotation": [[0.4815131287868606, 0.33113477071086933, -0.8114769604282044], [-0.7536690367948217, 0.6290335585428547, -0.19052497947179364], [0.4473567798350084, 0.7033253335577091, 0.5524539952778642]], "fy": 961.0584309895834, "fx": 723.0827026367189}, {"id": 25, "img_name": "000025", "width": 400, "height": 400, "position": [2.154458224575457, 0.8778467101761306, -1.7729866984508955], "rotation": [[0.6716728064687739, 0.24537971253020982, -0.6990310605784933], [-0.6153081934846384, 0.7102832877155536, -0.3418970526845384], [0.4126154580052363, 0.6597624540482373, 0.628062128184215]], "fy": 961.0585123697916, "fx": 723.0827026367189}, {"id": 26, "img_name": "000026", "width": 400, "height": 400, "position": [1.7650180511951656, 1.1939217611642166, -1.948140633563324], "rotation": [[0.8220288300907027, 0.14084014611758808, -0.5517541665834689], [-0.44184098988733755, 0.7689916046659714, -0.4619831393559259], [0.35922857293342914, 0.6235510571752715, 0.6943622431103915]], "fy": 961.058837890625, "fx": 723.0829467773438}, {"id": 27, "img_name": "000027", "width": 400, "height": 400, "position": [1.302682140140443, 1.4135741521723144, -2.091516287816318], "rotation": [[0.9260244336112359, 0.022971405616342883, -0.3767638356400632], [-0.24178254162040055, 0.8025950152009006, -0.5453278133228858], [0.2898618701171999, 0.59608187471674, 0.7487767379252754]], "fy": 961.0582682291666, "fx": 723.0823974609375}, {"id": 28, "img_name": "000028", "width": 400, "height": 400, "position": [0.8496508573019756, 1.9029987107471218, -1.832816581472853], "rotation": [[0.9740276536569923, -0.09609418383740656, -0.2050271139276793], [-0.08712735498097038, 0.6767033172016924, -0.7310823619185585], [0.2089952972156258, 0.7299578957922305, 0.6507553003151663]], "fy": 961.0590006510417, "fx": 723.0829467773438}, {"id": 29, "img_name": "000029", "width": 400, "height": 400, "position": [1.3550910295779615, 1.7846761984150947, -1.7258102436620009], "rotation": [[0.9180172769255177, -0.021903750877067887, -0.3959349716815675], [-0.2800093618893328, 0.6711935101206339, -0.6863629060612466], [0.2807829216830926, 0.7409585130774963, 0.6100339394831177]], "fy": 961.0585123697916, "fx": 723.0826416015625}, {"id": 30, "img_name": "000030", "width": 400, "height": 400, "position": [1.8166984831468524, 1.5680206743744458, -1.5833601414843241], "rotation": [[0.8195880902895241, 0.048472586666747766, -0.5708991454824319], [-0.4593485117224164, 0.6511457077636545, -0.6041590443212246], [0.34245336520562847, 0.7574032530042802, 0.5559371328264593]], "fy": 961.0585123697916, "fx": 723.0827026367189}, {"id": 31, "img_name": "000031", "width": 400, "height": 400, "position": [2.2142071550211875, 1.2628114909963628, -1.4114801910632406], "rotation": [[0.6832262230992299, 0.11188424961278366, -0.7215842492967328], [-0.6167832005477722, 0.6173926734293641, -0.48826720311799493], [0.3908713768094418, 0.7786579802221975, 0.4908271676831803]], "fy": 961.0589192708333, "fx": 723.0828857421875}, {"id": 32, "img_name": "000032", "width": 400, "height": 400, "position": [2.5278456028434526, 0.8841315325601316, -1.2180989265473705], "rotation": [[0.5154687707572337, 0.16499879948797516, -0.8408729169152391], [-0.7449109093944482, 0.5713160521245692, -0.34453696816220053], [0.42355608823445656, 0.8039734177473419, 0.41740501833131005]], "fy": 961.0585123697916, "fx": 723.0825805664062}, {"id": 33, "img_name": "000033", "width": 400, "height": 400, "position": [2.7455487052794103, 0.4470897238768572, -1.0123242291522276], "rotation": [[0.3237584816783975, 0.205883135377833, -0.923467687729079], [-0.8381777596343994, 0.5151871551000574, -0.17899793217238616], [0.4389060487572893, 0.8319822067683984, 0.3393628943823883]], "fy": 961.0581868489583, "fx": 723.08251953125}, {"id": 34, "img_name": "000034", "width": 400, "height": 400, "position": [2.8552616304223375, -0.028336487786189468, -0.8082676963202832], "rotation": [[0.11715549665623252, 0.2341375316838549, -0.9651187382820919], [-0.8920225611052374, 0.45198885957437107, 0.0013700025571225028], [0.4365437303027864, 0.8607471678243777, 0.26180893460675736]], "fy": 961.0582682291666, "fx": 723.0824584960936}, {"id": 35, "img_name": "000035", "width": 400, "height": 400, "position": [2.8521624105998473, -0.5208032919982465, -0.6117683272566711], "rotation": [[-0.09561723651670907, 0.24758236138953857, -0.964137096475872], [-0.903895857679828, 0.38409014088500587, 0.1882740171239023], [0.4169288738668156, 0.8894817362937257, 0.18706301565028574]], "fy": 961.0586751302083, "fx": 723.0827026367189}, {"id": 36, "img_name": "000036", "width": 400, "height": 400, "position": [2.737186165175959, -1.003978636925421, -0.42893679264781137], "rotation": [[-0.30416323264449907, 0.2442984436019938, -0.9207621905929361], [-0.87333029619657, 0.3145554658059383, 0.3719531171331397], [0.3804983106935546, 0.9172638987190029, 0.11767702259152402]], "fy": 961.0585937500001, "fx": 723.0828247070311}, {"id": 37, "img_name": "000037", "width": 400, "height": 400, "position": [2.5157761440442994, -1.4580021638867522, -0.2698237727645996], "rotation": [[-0.49897647995926714, 0.22500620913189032, -0.8368958193920657], [-0.8018361373740048, 0.2464787955813756, 0.5443408916880168], [0.3287571685890749, 0.9426666427512088, 0.057430990633245846]], "fy": 961.0582682291666, "fx": 723.0823974609375}, {"id": 38, "img_name": "000038", "width": 400, "height": 400, "position": [2.3417318724755383, -1.6411851898142054, 0.335226885999036], "rotation": [[-0.6362975986239439, 0.03157119389878823, -0.7707974331660522], [-0.727665719373983, 0.3072373033953005, 0.6132763294747197], [0.2561795772024435, 0.9511091286760631, -0.17252109781746444]], "fy": 961.0590006510417, "fx": 723.0830078124999}, {"id": 39, "img_name": "000039", "width": 400, "height": 400, "position": [2.6349658827615086, -1.2236787367179165, 0.19975342082151704], "rotation": [[-0.46965365973708256, 0.042915806915188384, -0.8818070832959539], [-0.824721706233253, 0.33511206301769536, 0.45555902733693227], [0.3150548674020228, 0.9412003661328774, -0.12199300757555717]], "fy": 961.0587565104166, "fx": 723.082763671875}, {"id": 40, "img_name": "000040", "width": 400, "height": 400, "position": [2.835148320795976, -0.7636937797713284, 0.036968460314716234], "rotation": [[-0.2838756124089077, 0.04851551728278428, -0.9576329647030185], [-0.8878290710367184, 0.36393574613770646, 0.28162097213509846], [0.36217985288443294, 0.9301596612536395, -0.06023899528429827]], "fy": 961.058349609375, "fx": 723.0825805664062}, {"id": 41, "img_name": "000041", "width": 400, "height": 400, "position": [2.9336487561379037, -0.278647115386017, -0.14768531101980087], "rotation": [[-0.08620752532609677, 0.047456398326419603, -0.9951462596940167], [-0.9143024607460594, 0.3930109092881441, 0.09794603779156251], [0.39575150370094797, 0.9183083587025133, 0.009509000847605103]], "fy": 961.0590006510417, "fx": 723.0828857421875}, {"id": 42, "img_name": "000042", "width": 400, "height": 400, "position": [2.92626432422571, 0.2101530632693088, -0.3455257727554629], "rotation": [[0.11632564539689406, 0.039815702632384334, -0.9924127413861776], [-0.9025772768688568, 0.4212504329151993, -0.08889497102035503], [0.4145148942552733, 0.9060699233752592, 0.08493897975636136]], "fy": 961.0582682291666, "fx": 723.0824584960936}, {"id": 43, "img_name": "000043", "width": 400, "height": 400, "position": [2.8137468608131555, 0.6811415814200178, -0.5497308967514577], "rotation": [[0.3116187649873513, 0.027035071127971565, -0.9498225239980767], [-0.8534517518658941, 0.4474247749965291, -0.26726616513605933], [0.4177485727060993, 0.8939128423403702, 0.16249908588791953]], "fy": 961.0591634114583, "fx": 723.0831909179688}, {"id": 44, "img_name": "000044", "width": 400, "height": 400, "position": [2.6003161115721816, 1.1176611694670757, -0.7535874372435193], "rotation": [[0.49451935738845254, 0.009316803641657012, -0.8691166375923797], [-0.7691181569243668, 0.47046122099228277, -0.43257781430895104], [0.40485546757101215, 0.8823714844664586, 0.2398179104848559]], "fy": 961.05810546875, "fx": 723.0823974609375}, {"id": 45, "img_name": "000045", "width": 400, "height": 400, "position": [2.2954080983326013, 1.5001509725330504, -0.947169811174152], "rotation": [[0.6570528616546767, -0.012963994501297703, -0.7537330059328534], [-0.653051722513041, 0.48967014490290095, -0.5777080806986646], [0.3765699496795427, 0.8718113649949016, 0.31327305126319455]], "fy": 961.0585123697916, "fx": 723.0828247070311}, {"id": 46, "img_name": "000046", "width": 400, "height": 400, "position": [1.9102438483070376, 1.8160589604542634, -1.122145444859126], "rotation": [[0.7939043418401402, -0.039661588251215775, -0.6067477590760084], [-0.5083118072597125, 0.5042992387867639, -0.6980698144457478], [0.3336689718358754, 0.8626177011261258, 0.38020485275130445]], "fy": 961.0582682291666, "fx": 723.0824584960936}, {"id": 47, "img_name": "000047", "width": 400, "height": 400, "position": [1.460882072220446, 2.0488208007361144, -1.2701026473005532], "rotation": [[0.8966864888281859, -0.06893173355201365, -0.43726615845322536], [-0.34399400938029256, 0.513197467998132, -0.7863182982254449], [0.278606169951105, 0.8554979739285539, 0.4364651668777385]], "fy": 961.058837890625, "fx": 723.0831298828125}, {"id": 48, "img_name": "000048", "width": 400, "height": 400, "position": [0.9670624273732547, 2.190930508240686, -1.3861612881141836], "rotation": [[0.9629555686756313, -0.09971567988705084, -0.25054605934071783], [-0.1651491533065445, 0.5164091292366354, -0.8402662147780428], [0.21317201540812047, 0.8505164777778217, 0.48081115066483715]], "fy": 961.058837890625, "fx": 723.0829467773438}, {"id": 49, "img_name": "000000", "width": 400, "height": 400, "position": [0.949047007415207, 0.05204561261251365, -2.671192365033197], "rotation": [[0.9702627266537566, -0.014742873477821598, -0.24160497701841263], [0.007479914808869419, 0.9994929457668624, -0.030950997717709313], [0.24193877563079902, 0.028223414415984645, 0.9698809142081842]], "fy": 961.0585123697916, "fx": 723.0827026367189}, {"id": 50, "img_name": "000001", "width": 400, "height": 400, "position": [1.406052041434816, -0.2212573151266993, -2.5047671240628993], "rotation": [[0.802255449379782, 0.42799300918937605, -0.41618286201994525], [-0.4393475968118259, 0.8952822817900226, 0.07377897146632913], [0.4041780419639767, 0.12365935192087568, 0.9062827825201176]], "fy": 961.058349609375, "fx": 723.0825805664062}, {"id": 51, "img_name": "000002", "width": 400, "height": 400, "position": [1.6509357924416685, -0.6803238770700433, -2.288398470890485], "rotation": [[0.42349436149982317, 0.7491759511944398, -0.5093013032256211], [-0.7608594693307493, 0.5992920346172855, 0.2488811340767352], [0.4916760251588054, 0.28210699552701807, 0.8238144829982617]], "fy": 961.05908203125, "fx": 723.0830688476562}, {"id": 52, "img_name": "000003", "width": 400, "height": 400, "position": [1.6131059805764723, -1.2066822491850056, -2.0773966392666465], "rotation": [[-0.06928995179147945, 0.8659441162733691, -0.49531779678895016], [-0.8737050483821839, 0.1869678439468592, 0.44909083865753135], [0.4814960619365638, 0.4638790989218517, 0.743624665775958]], "fy": 961.0581868489583, "fx": 723.0824584960936}, {"id": 53, "img_name": "000004", "width": 400, "height": 400, "position": [1.3008878923407423, -1.6515557635329199, -1.9334536125532726], "rotation": [[-0.5462872931632115, 0.7481358430703062, -0.37664696010918486], [-0.7487468866564845, -0.23462486096123494, 0.6199429751028747], [0.37543081950435103, 0.6206801993528336, 0.6883369659083712]], "fy": 961.0584309895834, "fx": 723.0825805664062}, {"id": 54, "img_name": "000005", "width": 400, "height": 400, "position": [1.6201977086774348, -1.792556083365006, -1.563238988475536], "rotation": [[-0.5951046267716775, 0.6311270714689723, -0.49752300583520703], [-0.7244323676941928, -0.1532691816176711, 0.6720910073516353], [0.3479198601803708, 0.7603862447669709, 0.5484199980902587]], "fy": 961.0584309895834, "fx": 723.0828247070311}, {"id": 55, "img_name": "000006", "width": 400, "height": 400, "position": [1.9320246552628262, -1.3699602470890093, -1.6969668431738256], "rotation": [[-0.28523604133694264, 0.7346833419341968, -0.6155329385169307], [-0.8534112538680225, 0.09764205906082213, 0.5120109981593391], [0.43626783724620344, 0.6713467216927466, 0.5991360027709162]], "fy": 961.0584309895834, "fx": 723.08251953125}, {"id": 56, "img_name": "000007", "width": 400, "height": 400, "position": [2.073211859193293, -0.8770137749354429, -1.8795547972178805], "rotation": [[0.060403422480644564, 0.740743409350176, -0.6690669565660914], [-0.8726902457886219, 0.3645560088681377, 0.3248239781204433], [0.4845236419636629, 0.5642677794623826, 0.6684599354243748]], "fy": 961.0585123697916, "fx": 723.08251953125}, {"id": 57, "img_name": "000008", "width": 400, "height": 400, "position": [2.020122501512106, -0.3720284677885487, -2.092090933562212], "rotation": [[0.39938773879513406, 0.6475388892167684, -0.6489858946848991], [-0.7781769082361536, 0.6137046130272024, 0.13344398907710608], [0.48469584119627357, 0.4517299965429311, 0.749005979464887]], "fy": 961.0584309895834, "fx": 723.0827026367189}, {"id": 58, "img_name": "000009", "width": 400, "height": 400, "position": [1.7809325495257189, 0.0697619288355259, -2.3018538405770714], "rotation": [[0.6859120995419065, 0.46662360061791874, -0.5583789398421307], [-0.5816594976839738, 0.8126622407403623, -0.03538799688287798], [0.43726061957704915, 0.349059459955691, 0.8288308922288155]], "fy": 961.058349609375, "fx": 723.0823974609375}, {"id": 59, "img_name": "000010", "width": 400, "height": 400, "position": [1.3901114677111022, 0.3975156624293585, -2.483273823453309], "rotation": [[0.8850516176463755, 0.2205749871605338, -0.40991503165193155], [-0.3079621916555232, 0.9377976798312126, -0.1602959958173947], [0.3490600621212837, 0.2681085838069246, 0.8979281394758988]], "fy": 961.0584309895834, "fx": 723.082763671875}, {"id": 60, "img_name": "000011", "width": 400, "height": 400, "position": [0.9208742741986427, 1.0604113463343976, -2.4395462508927483], "rotation": [[0.971018795678168, -0.05860776832564319, -0.2317059183222299], [-0.043489548891411045, 0.9099561669848075, -0.4124178744895957], [0.23501310910836043, 0.4105422892023031, 0.881035675711204]], "fy": 961.0582682291666, "fx": 723.0823364257812}, {"id": 61, "img_name": "000012", "width": 400, "height": 400, "position": [1.419529071995814, 0.9069685930181856, -2.318845632274772], "rotation": [[0.8979907529969255, 0.12880768556243874, -0.4207388527252445], [-0.29332462025411604, 0.8879782123925789, -0.3541968815526237], [0.32798362521383195, 0.44147859353971325, 0.8351786436843746]], "fy": 961.0581868489583, "fx": 723.0823364257812}, {"id": 62, "img_name": "000013", "width": 400, "height": 400, "position": [1.847900727105311, 0.6309001690849261, -2.1551490134924824], "rotation": [[0.754619290464794, 0.2998399740403164, -0.5836485983767978], [-0.5177243835294542, 0.8185518724085561, -0.248865859546635], [0.4031267518140555, 0.4899680883935898, 0.7729295394481932]], "fy": 961.0580240885416, "fx": 723.0822143554688}, {"id": 63, "img_name": "000014", "width": 400, "height": 400, "position": [2.1732754882112912, 0.25432598753445934, -1.961026547755685], "rotation": [[0.5523624982616453, 0.44114773002872615, -0.7073078292699005], [-0.6994106223809566, 0.7069223735257301, -0.10528798034161002], [0.4535641667355395, 0.5528557328283984, 0.6990208083292501]], "fy": 961.058349609375, "fx": 723.0824584960936}, {"id": 64, "img_name": "000015", "width": 400, "height": 400, "position": [2.3721846604716488, -0.19999685432279846, -1.7502219835057897], "rotation": [[0.3067990328753488, 0.5421410693918104, -0.7822770355054948], [-0.8241403124216055, 0.5624584014844112, 0.0665830226380198], [0.4760956785090914, 0.6242784569138436, 0.6193620780719029]], "fy": 961.0587565104166, "fx": 723.0827026367189}, {"id": 65, "img_name": "000016", "width": 400, "height": 400, "position": [2.4220387910532386, -0.6959421051519427, -1.5432453248827371], "rotation": [[0.03548629044309818, 0.596774524097792, -0.8016238811683963], [-0.8824023567577385, 0.3952708662103671, 0.2551999708352635], [0.4691554242697009, 0.6982987694074068, 0.5406219418227263]], "fy": 961.058349609375, "fx": 723.0826416015625}, {"id": 66, "img_name": "000017", "width": 400, "height": 400, "position": [2.322294911391967, -1.1883284452648795, -1.3578076262445649], "rotation": [[-0.23786764530102777, 0.599802592227644, -0.7639736934280937], [-0.8699717399427266, 0.218211805431327, 0.4421908001626667], [0.4319352600615363, 0.7698184122509839, 0.4699057868252096]], "fy": 961.0580240885416, "fx": 723.0823974609375}, {"id": 67, "img_name": "000018", "width": 400, "height": 400, "position": [2.0838480283656, -1.641350797919842, -1.202903703329447], "rotation": [[-0.4938632284060163, 0.5499113834463354, -0.6735700236435227], [-0.7876439027146747, 0.04527429689829785, 0.6144649944980232], [0.36839671150942055, 0.8339950162710751, 0.4107750448858705]], "fy": 961.0585937500001, "fx": 723.0828247070311}, {"id": 68, "img_name": "000019", "width": 400, "height": 400, "position": [2.1379924661511773, -1.8398625733038987, -0.6687887734254316], "rotation": [[-0.6232370340636524, 0.36087591956454856, -0.6937897910331534], [-0.7198983866332417, 0.08180529048334352, 0.6892417426704038], [0.3054864216033102, 0.929019088322408, 0.20880992123512473]], "fy": 961.0581868489583, "fx": 723.0823364257812}, {"id": 69, "img_name": "000020", "width": 400, "height": 400, "position": [2.43623421588048, -1.4214871810804024, -0.8053117376428147], "rotation": [[-0.4234887148596583, 0.4126358992934613, -0.8064669326972141], [-0.825911628018745, 0.1898913031370947, 0.5308589853653949], [0.37219254022480125, 0.8908832194159486, 0.26038399343932583]], "fy": 961.0585937500001, "fx": 723.082763671875}, {"id": 70, "img_name": "000021", "width": 400, "height": 400, "position": [2.6234716427718627, -0.9538482069298637, -0.9736701410833021], "rotation": [[-0.2002385251827543, 0.43584337996561584, -0.8774651589196399], [-0.8843218006327143, 0.30513495993125106, 0.3533660181952715], [0.42175753177087694, 0.8467190714216329, 0.32432603698026713]], "fy": 961.0585937500001, "fx": 723.0826416015625}, {"id": 71, "img_name": "000022", "width": 400, "height": 400, "position": [2.690634640516404, -0.4621850326684764, -1.1636934572133457], "rotation": [[0.03334255216306723, 0.4289526662667453, -0.9027114092795689], [-0.8914966998495649, 0.4210622191191218, 0.16715308651479335], [0.4517984302736864, 0.7991909190936604, 0.3964492031362597]], "fy": 961.05908203125, "fx": 723.0830078124999}, {"id": 72, "img_name": "000023", "width": 400, "height": 400, "position": [2.632005265507118, 0.027727579470723532, -1.3656743997833924], "rotation": [[0.26473254598349194, 0.39251893838795643, -0.8808209995415163], [-0.8471679605064032, 0.5310208499434989, -0.01798000030921732], [0.4606768119810295, 0.7509631845014128, 0.47310796760035545]], "fy": 961.0585123697916, "fx": 723.0828247070311}, {"id": 73, "img_name": "000024", "width": 400, "height": 400, "position": [2.448206722445617, 0.48200661035117476, -1.5748698869163622], "rotation": [[0.4815131287868606, 0.33113477071086933, -0.8114769604282044], [-0.7536690367948217, 0.6290335585428547, -0.19052497947179364], [0.4473567798350084, 0.7033253335577091, 0.5524539952778642]], "fy": 961.0584309895834, "fx": 723.0827026367189}, {"id": 74, "img_name": "000025", "width": 400, "height": 400, "position": [2.154458224575457, 0.8778467101761306, -1.7729866984508955], "rotation": [[0.6716728064687739, 0.24537971253020982, -0.6990310605784933], [-0.6153081934846384, 0.7102832877155536, -0.3418970526845384], [0.4126154580052363, 0.6597624540482373, 0.628062128184215]], "fy": 961.0585123697916, "fx": 723.0827026367189}, {"id": 75, "img_name": "000026", "width": 400, "height": 400, "position": [1.7650180511951656, 1.1939217611642166, -1.948140633563324], "rotation": [[0.8220288300907027, 0.14084014611758808, -0.5517541665834689], [-0.44184098988733755, 0.7689916046659714, -0.4619831393559259], [0.35922857293342914, 0.6235510571752715, 0.6943622431103915]], "fy": 961.058837890625, "fx": 723.0829467773438}, {"id": 76, "img_name": "000027", "width": 400, "height": 400, "position": [1.302682140140443, 1.4135741521723144, -2.091516287816318], "rotation": [[0.9260244336112359, 0.022971405616342883, -0.3767638356400632], [-0.24178254162040055, 0.8025950152009006, -0.5453278133228858], [0.2898618701171999, 0.59608187471674, 0.7487767379252754]], "fy": 961.0582682291666, "fx": 723.0823974609375}, {"id": 77, "img_name": "000028", "width": 400, "height": 400, "position": [0.8496508573019756, 1.9029987107471218, -1.832816581472853], "rotation": [[0.9740276536569923, -0.09609418383740656, -0.2050271139276793], [-0.08712735498097038, 0.6767033172016924, -0.7310823619185585], [0.2089952972156258, 0.7299578957922305, 0.6507553003151663]], "fy": 961.0590006510417, "fx": 723.0829467773438}, {"id": 78, "img_name": "000029", "width": 400, "height": 400, "position": [1.3550910295779615, 1.7846761984150947, -1.7258102436620009], "rotation": [[0.9180172769255177, -0.021903750877067887, -0.3959349716815675], [-0.2800093618893328, 0.6711935101206339, -0.6863629060612466], [0.2807829216830926, 0.7409585130774963, 0.6100339394831177]], "fy": 961.0585123697916, "fx": 723.0826416015625}, {"id": 79, "img_name": "000030", "width": 400, "height": 400, "position": [1.8166984831468524, 1.5680206743744458, -1.5833601414843241], "rotation": [[0.8195880902895241, 0.048472586666747766, -0.5708991454824319], [-0.4593485117224164, 0.6511457077636545, -0.6041590443212246], [0.34245336520562847, 0.7574032530042802, 0.5559371328264593]], "fy": 961.0585123697916, "fx": 723.0827026367189}, {"id": 80, "img_name": "000031", "width": 400, "height": 400, "position": [2.2142071550211875, 1.2628114909963628, -1.4114801910632406], "rotation": [[0.6832262230992299, 0.11188424961278366, -0.7215842492967328], [-0.6167832005477722, 0.6173926734293641, -0.48826720311799493], [0.3908713768094418, 0.7786579802221975, 0.4908271676831803]], "fy": 961.0589192708333, "fx": 723.0828857421875}, {"id": 81, "img_name": "000032", "width": 400, "height": 400, "position": [2.5278456028434526, 0.8841315325601316, -1.2180989265473705], "rotation": [[0.5154687707572337, 0.16499879948797516, -0.8408729169152391], [-0.7449109093944482, 0.5713160521245692, -0.34453696816220053], [0.42355608823445656, 0.8039734177473419, 0.41740501833131005]], "fy": 961.0585123697916, "fx": 723.0825805664062}, {"id": 82, "img_name": "000033", "width": 400, "height": 400, "position": [2.7455487052794103, 0.4470897238768572, -1.0123242291522276], "rotation": [[0.3237584816783975, 0.205883135377833, -0.923467687729079], [-0.8381777596343994, 0.5151871551000574, -0.17899793217238616], [0.4389060487572893, 0.8319822067683984, 0.3393628943823883]], "fy": 961.0581868489583, "fx": 723.08251953125}, {"id": 83, "img_name": "000034", "width": 400, "height": 400, "position": [2.8552616304223375, -0.028336487786189468, -0.8082676963202832], "rotation": [[0.11715549665623252, 0.2341375316838549, -0.9651187382820919], [-0.8920225611052374, 0.45198885957437107, 0.0013700025571225028], [0.4365437303027864, 0.8607471678243777, 0.26180893460675736]], "fy": 961.0582682291666, "fx": 723.0824584960936}, {"id": 84, "img_name": "000035", "width": 400, "height": 400, "position": [2.8521624105998473, -0.5208032919982465, -0.6117683272566711], "rotation": [[-0.09561723651670907, 0.24758236138953857, -0.964137096475872], [-0.903895857679828, 0.38409014088500587, 0.1882740171239023], [0.4169288738668156, 0.8894817362937257, 0.18706301565028574]], "fy": 961.0586751302083, "fx": 723.0827026367189}, {"id": 85, "img_name": "000036", "width": 400, "height": 400, "position": [2.737186165175959, -1.003978636925421, -0.42893679264781137], "rotation": [[-0.30416323264449907, 0.2442984436019938, -0.9207621905929361], [-0.87333029619657, 0.3145554658059383, 0.3719531171331397], [0.3804983106935546, 0.9172638987190029, 0.11767702259152402]], "fy": 961.0585937500001, "fx": 723.0828247070311}, {"id": 86, "img_name": "000037", "width": 400, "height": 400, "position": [2.5157761440442994, -1.4580021638867522, -0.2698237727645996], "rotation": [[-0.49897647995926714, 0.22500620913189032, -0.8368958193920657], [-0.8018361373740048, 0.2464787955813756, 0.5443408916880168], [0.3287571685890749, 0.9426666427512088, 0.057430990633245846]], "fy": 961.0582682291666, "fx": 723.0823974609375}, {"id": 87, "img_name": "000038", "width": 400, "height": 400, "position": [2.3417318724755383, -1.6411851898142054, 0.335226885999036], "rotation": [[-0.6362975986239439, 0.03157119389878823, -0.7707974331660522], [-0.727665719373983, 0.3072373033953005, 0.6132763294747197], [0.2561795772024435, 0.9511091286760631, -0.17252109781746444]], "fy": 961.0590006510417, "fx": 723.0830078124999}, {"id": 88, "img_name": "000039", "width": 400, "height": 400, "position": [2.6349658827615086, -1.2236787367179165, 0.19975342082151704], "rotation": [[-0.46965365973708256, 0.042915806915188384, -0.8818070832959539], [-0.824721706233253, 0.33511206301769536, 0.45555902733693227], [0.3150548674020228, 0.9412003661328774, -0.12199300757555717]], "fy": 961.0587565104166, "fx": 723.082763671875}, {"id": 89, "img_name": "000040", "width": 400, "height": 400, "position": [2.835148320795976, -0.7636937797713284, 0.036968460314716234], "rotation": [[-0.2838756124089077, 0.04851551728278428, -0.9576329647030185], [-0.8878290710367184, 0.36393574613770646, 0.28162097213509846], [0.36217985288443294, 0.9301596612536395, -0.06023899528429827]], "fy": 961.058349609375, "fx": 723.0825805664062}, {"id": 90, "img_name": "000041", "width": 400, "height": 400, "position": [2.9336487561379037, -0.278647115386017, -0.14768531101980087], "rotation": [[-0.08620752532609677, 0.047456398326419603, -0.9951462596940167], [-0.9143024607460594, 0.3930109092881441, 0.09794603779156251], [0.39575150370094797, 0.9183083587025133, 0.009509000847605103]], "fy": 961.0590006510417, "fx": 723.0828857421875}, {"id": 91, "img_name": "000042", "width": 400, "height": 400, "position": [2.92626432422571, 0.2101530632693088, -0.3455257727554629], "rotation": [[0.11632564539689406, 0.039815702632384334, -0.9924127413861776], [-0.9025772768688568, 0.4212504329151993, -0.08889497102035503], [0.4145148942552733, 0.9060699233752592, 0.08493897975636136]], "fy": 961.0582682291666, "fx": 723.0824584960936}, {"id": 92, "img_name": "000043", "width": 400, "height": 400, "position": [2.8137468608131555, 0.6811415814200178, -0.5497308967514577], "rotation": [[0.3116187649873513, 0.027035071127971565, -0.9498225239980767], [-0.8534517518658941, 0.4474247749965291, -0.26726616513605933], [0.4177485727060993, 0.8939128423403702, 0.16249908588791953]], "fy": 961.0591634114583, "fx": 723.0831909179688}, {"id": 93, "img_name": "000044", "width": 400, "height": 400, "position": [2.6003161115721816, 1.1176611694670757, -0.7535874372435193], "rotation": [[0.49451935738845254, 0.009316803641657012, -0.8691166375923797], [-0.7691181569243668, 0.47046122099228277, -0.43257781430895104], [0.40485546757101215, 0.8823714844664586, 0.2398179104848559]], "fy": 961.05810546875, "fx": 723.0823974609375}, {"id": 94, "img_name": "000045", "width": 400, "height": 400, "position": [2.2954080983326013, 1.5001509725330504, -0.947169811174152], "rotation": [[0.6570528616546767, -0.012963994501297703, -0.7537330059328534], [-0.653051722513041, 0.48967014490290095, -0.5777080806986646], [0.3765699496795427, 0.8718113649949016, 0.31327305126319455]], "fy": 961.0585123697916, "fx": 723.0828247070311}, {"id": 95, "img_name": "000046", "width": 400, "height": 400, "position": [1.9102438483070376, 1.8160589604542634, -1.122145444859126], "rotation": [[0.7939043418401402, -0.039661588251215775, -0.6067477590760084], [-0.5083118072597125, 0.5042992387867639, -0.6980698144457478], [0.3336689718358754, 0.8626177011261258, 0.38020485275130445]], "fy": 961.0582682291666, "fx": 723.0824584960936}, {"id": 96, "img_name": "000047", "width": 400, "height": 400, "position": [1.460882072220446, 2.0488208007361144, -1.2701026473005532], "rotation": [[0.8966864888281859, -0.06893173355201365, -0.43726615845322536], [-0.34399400938029256, 0.513197467998132, -0.7863182982254449], [0.278606169951105, 0.8554979739285539, 0.4364651668777385]], "fy": 961.058837890625, "fx": 723.0831298828125}, {"id": 97, "img_name": "000048", "width": 400, "height": 400, "position": [0.9670624273732547, 2.190930508240686, -1.3861612881141836], "rotation": [[0.9629555686756313, -0.09971567988705084, -0.25054605934071783], [-0.1651491533065445, 0.5164091292366354, -0.8402662147780428], [0.21317201540812047, 0.8505164777778217, 0.48081115066483715]], "fy": 961.058837890625, "fx": 723.0829467773438}]